Date	Close	High	Low	Open	Volume
	DJIA	DJIA	DJIA	DJIA	DJIA
2022-02-24	17.61229705810547	17.61229705810547	17.20988447450944	17.30448504110197	22700
2022-02-25	17.88735580444336	17.88735580444336	17.60282972518921	17.762921100432685	26800
2022-02-28	17.899730682373047	17.95212476501176	17.78475628242753	17.95212476501176	4100
2022-03-01	17.66250991821289	18.032177795709657	17.624669964829444	18.032177795709657	8300
2022-03-02	17.94485092163086	17.98123489814337	17.770205336043276	17.93757384873641	14300
2022-03-03	17.890270233154297	18.032171046198204	17.872078248290045	18.024893974660607	10700
2022-03-04	17.846607208251953	17.857523508324746	17.697430728210776	17.799306942494702	38100
2022-03-07	17.502412796020508	17.71198774800453	17.502412796020508	17.71198774800453	7000
2022-03-08	17.417272567749023	17.61011150334928	17.40635765387036	17.573726143821144	11300
2022-03-09	17.617387771606445	17.81386455569623	17.617387771606445	17.617387771606445	16700
2022-03-10	17.729454040527344	17.730181331396146	17.570089898800216	17.646497078814658	12100
2022-03-11	17.623937606811523	17.886633943894584	17.623937606811523	17.886633943894584	9000
2022-03-14	17.617387771606445	17.8284186999902	17.61374992951275	17.77020351077392	4500
2022-03-15	17.937570571899414	17.966678858159707	17.690884369252988	17.79203330447639	9100
2022-03-16	18.192995071411133	18.19954485409972	17.965955369645112	18.170436559430286	9700
2022-03-17	18.403291702270508	18.403291702270508	18.170429598008376	18.225006935624055	12900
2022-03-18	18.580120086669922	18.585213897376356	18.35235179828889	18.49789043672364	10100
2022-03-21	18.815032958984375	18.917808187371143	18.609485302587633	18.888443436349668	21500
2022-03-22	18.69757843017578	19.02058371940435	18.57278102753214	19.02058371940435	52100
2022-03-23	18.52286720275879	18.76365207772243	18.477352664154832	18.572785335281083	11100
2022-03-24	18.64252471923828	18.6535358035956	18.602148876343122	18.609490065977585	22300
2022-03-25	18.583791732788086	19.027923087880335	18.514051149629402	19.027923087880335	19200
2022-03-28	18.605817794799805	18.719604127880334	18.499374051157215	18.719604127880334	22400
2022-03-29	18.675556182861328	18.866422880192527	18.609486887624048	18.866422880192527	20200
2022-03-30	18.660879135131836	18.793017763341542	18.660879135131836	18.793017763341542	25000
2022-03-31	18.60948371887207	18.79300919657261	18.594801344610843	18.79300919657261	13800
2022-04-01	18.630779266357422	18.785675153284377	18.59480841587016	18.785675153284377	19500
2022-04-04	18.69023323059082	18.77832607245218	18.63150513607932	18.77832607245218	24600
2022-04-05	18.654998779296875	18.75630380418172	18.6535299817529	18.690234518280814	26400
2022-04-06	18.60361099243164	18.62416715768531	18.514050744620146	18.609484782584843	11000
2022-04-07	18.675556182861328	18.70491953619539	18.544151291168276	18.631509052577464	13700
2022-04-08	18.715930938720703	18.748230485505236	18.6535315411807	18.6755551050516	13800
2022-04-11	18.62416648864746	18.741622684855113	18.616825301360944	18.646188650318706	21900
2022-04-12	18.58893585205078	18.763651409944135	18.583797159171564	18.763651409944135	39800
2022-04-13	18.759977340698242	18.76364723471444	18.6241688590831	18.675555776440802	22700
2022-04-14	18.719602584838867	18.88844572308824	18.719602584838867	18.75630712787097	20400
2022-04-18	18.712942123413086	18.74253876627373	18.646347912835516	18.72034022564357	25900
2022-04-19	18.816532135009766	18.85352829071505	18.720339872075424	18.779534567991604	15400
2022-04-20	18.875730514526367	18.9349252219944	18.86833099967872	18.901628110836562	56900
2022-04-21	18.853532791137695	19.001520271909865	18.757341916555035	19.001520271909865	30300
2022-04-22	18.490957260131836	18.846125371443012	18.37996740176117	18.846125371443012	34400
2022-04-25	18.535358428955078	18.535358428955078	18.246784429179748	18.268982971975174	24500
2022-04-26	18.254186630249023	18.557559703207627	18.150596237915817	18.557559703207627	28900
2022-04-27	18.27638053894043	18.424366574536624	18.17648922397373	18.365171878035568	54800
2022-04-28	18.483562469482422	18.56125524905637	18.24678366812584	18.350374040891097	32200
2022-04-29	18.054397583007812	18.52795651949446	18.054397583007812	18.52795651949446	33500
2022-05-02	18.039594650268555	18.112848822658155	17.795416427823955	18.05439367255306	69500
2022-05-03	18.11359214782715	18.254180066378826	18.054397457591612	18.254180066378826	16000
2022-05-04	18.5279541015625	18.594546884950944	18.128388933356447	18.305972982121617	54900
2022-05-05	18.120994567871094	18.579754549284967	17.90641431058208	18.579754549284967	45800
2022-05-06	18.002605438232422	18.202388082067348	17.80726278505507	18.202388082067348	55500
2022-05-09	17.691829681396484	18.106192510185792	17.691829681396484	18.106192510185792	33100
2022-05-10	17.63263702392578	18.10619459712488	17.53644617111205	18.10619459712488	51600
2022-05-11	17.53644371032715	17.91232991074241	17.525343735985274	17.7954195897593	32900
2022-05-12	17.42545509338379	17.543844488133338	17.21087484464257	17.44025412055571	12300
2022-05-13	17.64743995666504	17.721433696681988	17.55864718638206	17.566046701515074	26600
2022-05-16	17.76582145690918	17.86941179996876	17.65483160201498	17.81761662843897	11800
2022-05-17	17.978187561035156	18.05439987046974	17.802822050518436	18.05439987046974	22800
2022-05-18	17.314464569091797	17.94340908740784	17.314464569091797	17.94340908740784	28300
2022-05-19	17.20347785949707	17.38846149239489	17.092487962021004	17.38846149239489	72200
2022-05-20	17.136878967285156	17.514245644885214	16.89270069487485	17.514245644885214	81100
2022-05-23	17.2546443939209	17.358993103820595	17.209924330606846	17.262097974744105	35100
2022-05-24	17.323217391967773	17.44098056324282	17.191291989899216	17.44098056324282	28100
2022-05-25	17.396263122558594	17.41862386957362	17.26955506605772	17.396263122558594	17500
2022-05-26	17.448434829711914	17.51551564164398	17.426074085192788	17.44098124820554	30100
2022-05-27	17.426074981689453	17.612410264059047	17.426074981689453	17.590050940014944	18900
2022-05-31	17.582595825195312	17.582595825195312	17.448434206125956	17.57514224395532	21400
2022-06-01	17.59005355834961	17.59005355834961	17.478252656611016	17.58259997535029	24100
2022-06-02	17.543094635009766	17.590050921403165	17.463342872660892	17.540113486582065	20200
2022-06-03	17.634769439697266	17.634769439697266	17.563962550485925	17.590049373965115	14100
2022-06-06	17.634769439697266	17.6422230209235	17.522968564554265	17.522968564554265	17200
2022-06-07	17.612409591674805	17.649677499701188	17.58036047023491	17.64222391809591	15300
2022-06-08	17.664581298828125	17.686940617760467	17.597500498780988	17.686940617760467	20700
2022-06-09	17.612409591674805	17.657131081306463	17.552782360457922	17.58259668687903	10000
2022-06-10	17.426074981689453	17.515516542742027	17.329181260372433	17.515516542742027	31300
2022-06-13	17.05340003967285	17.23228311586218	16.990046742308937	17.150295157744157	22500
2022-06-14	16.95650863647461	17.485700091760307	16.89315533054261	17.19501754148367	52700
2022-06-15	17.105581283569336	17.269555837460928	17.00868613046821	17.269555837460928	14200
2022-06-16	16.777631759643555	17.00868714979829	16.70384228191354	17.00868714979829	36800
2022-06-17	16.77016830444336	16.911783457069152	16.628553151817563	16.65091388800841	24500
2022-06-21	16.901165008544922	17.036674252178106	16.855993824746797	17.036674252178106	24100
2022-06-22	16.9086971282959	16.999038086819876	16.712961017348793	16.712961017348793	8700
2022-06-23	16.9719295501709	17.149598832400006	16.90116309334407	17.149598832400006	12200
2022-06-24	17.07431983947754	17.14207519089774	17.051734243697258	17.09690399933718	12100
2022-06-27	17.142072677612305	17.247469237292943	17.08184586694902	17.247469237292943	25600
2022-06-28	17.006568908691406	17.22489064763475	17.006568908691406	17.22489064763475	411900
2022-06-29	17.09691047668457	17.15713875491678	17.021628000736683	17.15713875491678	30400
2022-06-30	17.081850051879883	17.488380764474055	16.93881080304083	17.488380764474055	14600
2022-07-01	17.127016067504883	17.157130191590674	17.021619505045557	17.021619505045557	17300
2022-07-05	17.104429244995117	17.194770174838425	17.044202437073036	17.194770174838425	23100
2022-07-06	17.154870986938477	17.26252624914753	17.127015566565895	17.26252624914753	22300
2022-07-07	17.119487762451172	17.270055513026595	17.119487762451172	17.270055513026595	22500
2022-07-08	17.27005958557129	17.27005958557129	17.134548865282003	17.134548865282003	14700
2022-07-11	17.247474670410156	17.36039979648624	17.206068455800718	17.36039979648624	17100
2022-07-12	17.202302932739258	17.292642448862896	17.202302932739258	17.292642448862896	17600
2022-07-13	17.179719924926758	17.30770212199088	17.179719924926758	17.30770212199088	25100
2022-07-14	17.262529373168945	17.300170598066746	17.1601439203999	17.164659890961566	57200
2022-07-15	17.36792755126953	17.616363391870653	17.292643658619323	17.616363391870653	58400
2022-07-18	17.210704803466797	17.643630511840364	17.210704803466797	17.643630511840364	50700
2022-07-19	17.377798080444336	17.387672200574816	17.286656590730548	17.385393446031795	28300
2022-07-20	17.45375633239746	17.5069224612548	17.370210179336656	17.468947068833376	41000
2022-07-21	17.529705047607422	17.560086514381535	17.393750446528987	17.46894356272727	20700
2022-07-22	17.50691795349121	17.59806089997042	17.491728669634664	17.59806089997042	20200
2022-07-25	17.514511108398438	17.620844773976653	17.499321826459667	17.620844773976653	29100
2022-07-26	17.46894645690918	17.56768334294722	17.461351088957283	17.56768334294722	49500
2022-07-27	17.567676544189453	17.620844099276685	17.446153601325566	17.59046263922684	51000
2022-07-28	17.651226043701172	17.69679679009879	17.560084550905934	17.65882140954543	33300
2022-07-29	17.658823013305664	17.73857218891123	17.491729295560468	17.491729295560468	55800
2022-08-01	17.68920135498047	17.765152109569726	17.674010624595503	17.765152109569726	30700
2022-08-02	17.620849609375	17.734777222851967	17.620849609375	17.734777222851967	19800
2022-08-03	17.674015045166016	17.75756118584406	17.674015045166016	17.72718116614336	71500
2022-08-04	17.696792602539062	17.77274479434127	17.696792602539062	17.77274479434127	37200
2022-08-05	17.711990356445312	17.757561110136155	17.696799622325653	17.749967191744464	20900
2022-08-08	17.76136016845703	17.787943229805894	17.711991005094205	17.787943229805894	45900
2022-08-09	17.719585418701172	17.780346905466484	17.719585418701172	17.772751538537307	26200
2022-08-10	17.81072235107422	17.84110235985082	17.757554800546824	17.84110235985082	64100
2022-08-11	17.81072235107422	17.871483817295044	17.704388698687055	17.84110235985082	51200
2022-08-12	17.81831932067871	17.947437639611216	17.810725403683744	17.947437639611216	19400
2022-08-15	17.81831932067871	17.856296148992904	17.772748575369555	17.856296148992904	42500
2022-08-16	17.81831932067871	17.848700783330063	17.757557844043877	17.848700783330063	42100
2022-08-17	17.734779357910156	17.818325511894866	17.734779357910156	17.80313622395934	47600
2022-08-18	17.81072235107422	17.825911631128704	17.757554800546824	17.772745529268935	16100
2022-08-19	17.78793716430664	17.802367343260542	17.704389600745802	17.79553252905469	53500
2022-08-22	17.505111694335938	17.68857120831073	17.45160285167745	17.68857120831073	54400
2022-08-23	17.459245681762695	17.505110191818048	17.390448187676423	17.40573684369704	53400
2022-08-24	17.543325424194336	17.543325424194336	17.329288692101834	17.329288692101834	36200
2022-08-25	17.665634155273438	17.665634155273438	17.436308741023034	17.573903697972046	21100
2022-08-26	17.214632034301758	17.711501662542712	17.1687660688594	17.711501662542712	39500
2022-08-29	17.00823974609375	17.16112338319379	16.962375238166306	17.077037236988126	26600
2022-08-30	16.863000869750977	17.107613528988423	16.81713636064557	17.038817494333543	36900
2022-08-31	16.827070236206055	17.03116922277302	16.80796015000444	16.862996964984113	16600
2022-09-01	16.809492111206055	16.81713643909369	16.6107439601469	16.641321271697446	26400
2022-09-02	16.67953872680664	17.008237482215854	16.626029898345834	16.962372980393194	90800
2022-09-06	16.549583435058594	16.755975822217778	16.496074621648244	16.633669546421036	18700
2022-09-07	16.771272659301758	16.901223323031328	16.465506820528226	16.465506820528226	28300
2022-09-08	16.878292083740234	16.931800928808087	16.648968045447518	16.648968045447518	36500
2022-09-09	17.084680557250977	17.15347804408873	16.962374237985266	17.000594416003423	28400
2022-09-12	17.22227668762207	17.32165003194727	17.206988032185443	17.260496868207202	53100
2022-09-13	16.65660858154297	17.122900880958543	16.557233785040093	17.122900880958543	35900
2022-09-14	16.557233810424805	16.882109700860436	16.473147668332896	16.824779433257508	52100
2022-09-15	16.557233810424805	16.694828785481988	16.473147668332896	16.557233810424805	29300
2022-09-16	16.282039642333984	16.4960763767537	16.207127295589174	16.434923232348922	68500
2022-09-19	16.509843826293945	16.509843826293945	16.28590376442544	16.28590376442544	27500
2022-09-20	16.324514389038086	16.50984456075525	16.300575779648206	16.50984456075525	17000
2022-09-21	16.255016326904297	16.44034798217076	16.255016326904297	16.37856978183303	31900
2022-09-22	16.162351608276367	16.262738235818418	16.15076893241049	16.224128334349935	24000
2022-09-23	16.000186920166016	16.154629473122306	15.845745840083067	16.154629473122306	45100
2022-09-26	15.884350776672363	16.000181918745806	15.799407251811157	16.000181918745806	38000
2022-09-27	15.8225736618042	16.06968048462847	15.753074683775768	16.06968048462847	29300
2022-09-28	16.092851638793945	16.098257083589143	15.745356654998112	15.953853645275613	27300
2022-09-29	15.80713176727295	15.957713893495331	15.780104546049902	15.853465408975108	30500
2022-09-30	15.683581352233887	15.930688264022907	15.668138274902105	15.683581352233887	51300
2022-10-03	15.953857421875	16.09053861814012	15.737638106010431	15.876636132432397	29700
2022-10-04	16.332237243652344	16.339959518523962	16.20868379145307	16.293627342167568	25200
2022-10-05	16.394010543823242	16.401732817081104	16.154625964321568	16.316789284117633	24200
2022-10-06	16.229528427124023	16.37084321215143	16.20095616682128	16.37084321215143	9200
2022-10-07	15.876628875732422	16.131457983407252	15.876628875732422	16.131457983407252	17000
2022-10-10	15.838027954101562	16.000191354057556	15.82258339995135	15.938414610330451	194100
2022-10-11	15.90752124786377	16.06968458943757	15.822577703492795	15.86118907496743	37300
2022-10-12	15.915239334106445	16.00790365551476	15.892072517317951	15.992459110989097	34300
2022-10-13	16.299036026000977	16.35386227374844	15.575475075648411	15.814859752742427	50500
2022-10-14	16.10829734802246	16.475095834941133	16.069685973222942	16.339959705326184	39000
2022-10-17	16.38629150390625	16.478957328412395	16.30907170183666	16.30907170183666	22800
2022-10-18	16.533008575439453	16.718338715667347	16.478954135315444	16.718338715667347	36500
2022-10-19	16.517568588256836	16.64884432459711	16.463514133212033	16.61795669580298	24100
2022-10-20	16.463518142700195	16.710625124726842	16.463518142700195	16.471240419997752	25300
2022-10-21	16.756956100463867	16.919119479077924	16.463515501723823	16.463515501723823	14900
2022-10-24	16.847427368164062	16.933223438844873	16.794388552955166	16.917625099972852	61100
2022-10-25	17.003427505493164	17.003427505493164	16.839633728703465	17.003427505493164	32600
2022-10-26	16.925424575805664	17.05022020964449	16.925424575805664	17.03462038349431	81700
2022-10-27	17.073617935180664	17.120417412189394	16.98782186936051	17.120417412189394	36500
2022-10-28	17.245223999023438	17.393417973996428	17.04243059951691	17.159426391010083	78100
2022-10-31	17.12042808532715	17.268622058530752	17.12042808532715	17.2140241223313	33800
2022-11-01	17.12042808532715	17.27642197622813	17.12042808532715	17.27642197622813	42700
2022-11-02	17.14381980895996	17.198417724325818	17.042423892949316	17.198417724325818	25200
2022-11-03	17.12042808532715	17.190625856921354	16.941032953651856	16.941032953651856	25500
2022-11-04	17.157861709594727	17.276418051369713	17.07362470035509	17.276418051369713	66500
2022-11-07	17.159420013427734	17.307615421003653	17.112622011760156	17.23741767466146	51100
2022-11-08	17.19061851501465	17.2920144264112	17.15941885755014	17.2920144264112	77000
2022-11-09	17.11261749267578	17.245213035452913	17.11261749267578	17.159415481984986	24600
2022-11-10	17.175796508789062	17.40900842052482	17.120419056329588	17.40900842052482	89900
2022-11-11	17.097021102905273	17.221816757930153	17.026823360993586	17.026823360993586	73600
2022-11-14	17.221817016601562	17.346612673500868	17.128219530086294	17.159419188151908	30400
2022-11-15	17.13758087158203	17.40901136440073	17.12822037862599	17.40901136440073	85500
2022-11-16	17.253009796142578	17.260808219868284	17.081414720557316	17.081414720557316	48200
2022-11-17	17.24911880493164	17.299817513769437	17.160201550067175	17.24521959087419	66900
2022-11-18	17.231950759887695	17.32320660226508	17.198410990950148	17.28420853160955	50200
2022-11-21	17.129762649536133	17.334155001533137	17.051149399078724	17.27126470105182	39900
2022-11-22	17.26340103149414	17.33415279796935	17.13762044652107	17.19265076444178	41500
2022-11-23	17.349878311157227	17.40019145223905	17.224097707587266	17.389185686912256	42400
2022-11-25	17.389965057373047	17.428485222001513	17.373456415389416	17.373456415389416	14800
2022-11-28	17.29485321044922	17.393119421872225	17.29485321044922	17.38132795631695	46100
2022-11-29	17.286983489990234	17.3577352484294	17.21623173155107	17.3577352484294	18000
2022-11-30	17.37346649169922	17.45443685435163	17.2162399535424	17.365605014849038	33200
2022-12-01	17.491378784179688	17.507101731712332	17.30270791205635	17.30270791205635	33000
2022-12-02	17.474864959716797	17.48351212846997	17.36559305577081	17.42848332783852	26300
2022-12-05	17.42848777770996	17.53854540707297	17.365597489584992	17.51496248616532	38500
2022-12-06	17.23195457458496	17.50710013359873	17.13761839742325	17.50710013359873	59100
2022-12-07	17.255542755126953	17.34987745342925	17.208373906552808	17.34987745342925	24300
2022-12-08	17.255542755126953	17.40490627734276	17.255542755126953	17.34987745342925	38100
2022-12-09	17.216232299804688	17.411978937908874	17.1769264324512	17.1769264324512	19600
2022-12-12	17.370319366455078	17.404908059643816	17.286988924979266	17.334156278960457	16400
2022-12-13	17.49924087524414	17.672188805935694	17.381321763435228	17.49924087524414	18600
2022-12-14	17.538545608520508	17.577852976189313	17.373459162579813	17.54640708205427	29700
2022-12-15	17.208370208740234	17.389181090575004	17.16120286972462	17.247677574105477	109100
2022-12-16	17.027563095092773	17.279124269257824	16.97646426302085	17.1533436821753	54100
2022-12-19	16.917503356933594	17.24767773190912	16.901780410643642	17.24767773190912	35200
2022-12-20	16.996116638183594	17.051145450935106	16.917503405928855	16.98825516501585	42700
2022-12-21	17.114038467407227	17.208373161625907	17.082592569719047	17.09045404414109	32000
2022-12-22	17.074731826782227	17.184790973982885	16.94108975472807	17.184790973982885	29800
2022-12-23	17.145483016967773	17.224096262458993	17.003979474968165	17.161205965950607	28500
2022-12-27	17.121902465820312	17.200514222783298	17.114040990239385	17.13762391755902	21700
2022-12-28	17.106170654296875	17.444206432071066	17.098309182787897	17.28698000073625	68300
2022-12-29	17.17522430419922	17.199035234742176	17.143477910632154	17.18316128104687	85000
2022-12-30	17.11966896057129	17.318088863246107	17.064111630034137	17.318088863246107	42000
2023-01-03	17.143478393554688	17.254593044904777	17.095858044950877	17.095858044950877	18600
2023-01-04	17.199033737182617	17.31014837572766	17.183159784869492	17.29427593723795	52400
2023-01-05	17.11966896057129	17.222848157703478	17.11966896057129	17.143479893868808	20500
2023-01-06	17.318092346191406	17.381586667264123	17.159357300421632	17.17522974532179	30600
2023-01-09	17.333955764770508	17.57205894555534	17.167282327162642	17.286335431378163	46700
2023-01-10	17.357772827148438	17.40539317738225	17.302213985748075	17.381582245353528	40800
2023-01-11	17.341899871826172	17.468888488983424	17.3022149828247	17.468888488983424	91200
2023-01-12	17.326026916503906	17.484763454026623	17.302215981728356	17.484763454026623	36500
2023-01-13	17.445066452026367	17.523641422560733	17.10378419295404	17.10378419295404	43600
2023-01-17	17.421266555786133	17.548255161424713	17.373644693303973	17.516507253103274	53300
2023-01-18	17.413326263427734	17.53237786932003	17.381578361150698	17.53237786932003	81900
2023-01-19	17.441104888916016	17.460946570891004	17.27046369904917	17.27046369904917	67300
2023-01-20	17.500635147094727	17.611751324130587	17.413331417638247	17.42126839555679	94900
2023-01-23	17.609243392944336	17.657160799871797	17.489452922062647	17.529384094502195	130400
2023-01-24	17.657161712646484	17.729036303534702	17.489453826167793	17.513412530870053	62100
2023-01-25	17.59326934814453	17.641185223413164	17.51340854055134	17.51340854055134	27100
2023-01-26	17.641193389892578	17.689109287342486	17.59327749244267	17.59327749244267	36100
2023-01-27	17.669139862060547	17.697090921905758	17.6172300981115	17.6172300981115	39500
2023-01-30	17.65317153930664	17.713067552026263	17.609247999741434	17.609247999741434	50700
2023-01-31	17.665145874023438	17.720248298899197	17.62521470420677	17.71306175458506	24600
2023-02-01	17.72104835510254	17.72104835510254	17.609242600521583	17.689103418588434	76900
2023-02-02	17.72104835510254	17.729034589231066	17.609242600521583	17.729034589231066	33600
2023-02-03	17.76896858215332	17.76896858215332	17.689107744556065	17.72105268888248	26200
2023-02-06	17.752992630004883	17.784937568069374	17.69709051161051	17.705076746126633	43300
2023-02-07	17.752992630004883	17.864798390012115	17.745006395488762	17.824867217431503	18900
2023-02-08	17.752992630004883	17.880769335825875	17.752992630004883	17.880769335825875	35800
2023-02-09	17.752992630004883	17.880769335825875	17.752992630004883	17.880769335825875	20800
2023-02-10	17.76896858215332	17.84084318366897	17.75299610999011	17.84084318366897	23900
2023-02-13	17.81688117980957	17.888755768030475	17.745006591588666	17.745006591588666	19600
2023-02-14	17.888755798339844	17.888755798339844	17.76896532550821	17.888755798339844	78100
2023-02-15	17.832857131958008	17.94466139181882	17.832857131958008	17.94466139181882	58100
2023-02-16	17.89674186706543	18.01653233878668	17.848825983020628	18.01653233878668	66800
2023-02-17	18.04847526550293	18.050071598302704	17.86878881633744	17.888753638862866	44600
2023-02-21	17.797780990600586	18.07901034695749	17.783318064317132	18.07901034695749	44100
2023-02-22	17.70136070251465	17.8821495823964	17.677254803327948	17.685290103056847	22400
2023-02-23	17.792158126831055	17.83795918575888	17.677256243244106	17.685291543627528	35000
2023-02-24	17.612972259521484	17.78974423898042	17.548691400393093	17.78974423898042	37300
2023-02-27	17.797780990600586	18.070975047338525	17.677254561469542	18.070975047338525	25600
2023-02-28	17.637081146240234	17.870098725365462	17.596904644613932	17.870098725365462	31400
2023-03-01	17.58083724975586	17.725469616829997	17.556732876961576	17.717434315039533	17300
2023-03-02	17.765647888183594	17.878139059255307	17.444241914989107	17.444241914989107	48800
2023-03-03	17.988216400146484	17.992234817039492	17.789749211272568	17.789749211272568	39800
2023-03-06	17.958486557006836	18.079013003850456	17.812246534572992	17.982590926829406	106900
2023-03-07	17.731897354125977	18.038838808022874	17.701363822804574	17.87010054912523	43300
2023-03-08	17.725467681884766	17.902241236823826	17.61297653425223	17.68529270989513	63600
2023-03-09	17.37995147705078	17.773673424616707	17.37995147705078	17.70778489914881	55900
2023-03-10	17.251394271850586	17.59369070692393	17.163009034049697	17.524588350675483	39300
2023-03-13	17.179073333740234	17.396021783045004	16.873739671167016	17.179073333740234	53600
2023-03-14	17.468347549438477	17.516557831632436	17.21925930342957	17.500488759285943	21500
2023-03-15	17.227293014526367	17.302823011598168	17.066590045288393	17.187116505928323	92200
2023-03-16	17.47477149963379	17.507715773018926	17.066588028995017	17.14693950412106	31500
2023-03-17	17.26746368408203	17.529408631019834	17.163007852932356	17.50048277810496	20200
2023-03-20	17.295063018798828	17.603469522082296	17.262600072553997	17.603469522082296	16500
2023-03-21	17.441146850585938	17.68462586737106	17.303175872138635	17.68462586737106	15200
2023-03-22	17.286945343017578	17.521497113240805	17.286945343017578	17.44114858081316	18000
2023-03-23	17.40462303161621	17.514188344104294	17.319406082344972	17.48983998088745	20400
2023-03-24	17.343748092651367	17.44925453196103	17.319399738353177	17.44925453196103	17400
2023-03-27	17.45737648010254	17.546652261019076	17.33644891162184	17.546652261019076	22800
2023-03-28	17.441146850585938	17.57911782903324	17.441146850585938	17.57911782903324	22500
2023-03-29	17.53042221069336	17.588857359033554	17.481727027739176	17.53042221069336	19900
2023-03-30	17.54665184020996	17.708969608538826	17.49795511651875	17.708969608538826	101100
2023-03-31	17.619691848754883	17.676504686673745	17.514185388602957	17.676504686673745	38100
2023-04-03	17.611581802368164	17.708972167842006	17.530422132478662	17.708972167842006	39600
2023-04-04	17.700855255126953	17.733319740828925	17.611581015430293	17.733319740828925	24900
2023-04-05	17.700855255126953	17.773898799964506	17.652160074565877	17.773898799964506	27700
2023-04-06	17.725200653076172	17.74143289321068	17.611578068117872	17.611578068117872	55000
2023-04-10	17.741436004638672	18.01737794335248	17.68462470219616	18.01737794335248	47500
2023-04-11	17.757665634155273	17.806362360177207	17.684623641105972	17.806362360177207	51700
2023-04-12	17.782014846801758	17.782014846801758	17.70897130227059	17.749551909227836	25200
2023-04-13	17.725200653076172	17.79824418568983	17.652157120462515	17.700852292874412	59600
2023-04-14	17.692737579345703	17.749550424332988	17.68868029298534	17.725202062195578	37100
2023-04-17	17.733325958251953	17.84694860206195	17.70086146116771	17.81448565297013	25500
2023-04-18	17.741436004638672	17.855058609523688	17.73331988314804	17.855058609523688	41000
2023-04-19	17.692737579345703	17.83882465618666	17.66839076520004	17.83882465618666	98600
2023-04-20	17.765779495239258	17.798243975124194	17.62780855171149	17.757663375268024	48900
2023-04-21	17.741436004638672	17.855058609523688	17.68462470219616	17.8307102450518	33300
2023-04-24	17.796924591064453	17.796924591064453	17.666364972141874	17.76428546453052	43100
2023-04-25	17.674522399902344	17.82956250695922	17.570074409695245	17.82956250695922	44400
2023-04-26	17.609243392944336	17.69492284159698	17.54396359067662	17.54396359067662	27100
2023-04-27	17.71531867980957	17.78549488017009	17.564359461340146	17.576600491654315	105600
2023-04-28	17.805086135864258	17.86220577900179	17.715325807280394	17.86220577900179	50100
2023-05-01	17.845884323120117	17.861387556912526	17.80508347241557	17.8295639828383	19900
2023-05-02	17.77243995666504	17.845879913392853	17.625560043209415	17.845879913392853	25100
2023-05-03	17.666364669799805	17.81324462767236	17.617405202640086	17.81324462767236	40800
2023-05-04	17.543960571289062	17.63372086760653	17.405240820795242	17.63372086760653	50300
2023-05-05	17.74796485900879	17.829565008719694	17.58476455958698	17.715324176567066	22800
2023-05-08	17.821399688720703	17.821399688720703	17.69084010946504	17.821399688720703	24800
2023-05-09	17.77243995666504	17.82139940901927	17.707160168061755	17.82139940901927	21200
2023-05-10	17.76428985595703	17.780610201455186	17.625570032010334	17.67452951211099	25900
2023-05-11	17.699003219604492	17.699003219604492	17.50316381816903	17.58476240147223	47300
2023-05-12	17.584766387939453	17.670447410060845	17.543967087038652	17.543967087038652	19800
2023-05-15	17.63372230529785	17.67452159437238	17.57089071531011	17.59292145983021	121300
2023-05-16	17.462366104125977	17.674525882856056	17.462366104125977	17.584765557441237	16200
2023-05-17	17.739803314208984	17.7479634841873	17.543963903909283	17.543963903909283	15800
2023-05-18	17.77243995666504	17.813239240894745	17.60923970696036	17.780600124789565	33500
2023-05-19	17.796924591064453	17.84588561545549	17.70716582580107	17.821405103259973	23000
2023-05-22	17.683992385864258	17.805103434080614	17.683992385864258	17.692175817905376	34400
2023-05-23	17.593975067138672	17.741273712782395	17.593975067138672	17.741273712782395	34900
2023-05-24	17.503149032592773	17.561249393925987	17.413952241567916	17.561249393925987	22700
2023-05-25	17.397584915161133	17.55306705954525	17.348485865661647	17.479417704880703	43600
2023-05-26	17.593975067138672	17.659440958443664	17.405760824740565	17.405760824740565	33200
2023-05-30	17.569429397583008	17.69217934181891	17.528513790057957	17.69217934181891	45300
2023-05-31	17.503965377807617	17.6504462029144	17.503965377807617	17.643080643566527	14400
2023-06-01	17.65944480895996	17.66681036718014	17.48759739212549	17.569428603476968	28400
2023-06-02	17.90494155883789	17.91312499213643	17.610345764241934	17.610345764241934	45300
2023-06-05	17.92949104309082	17.937674476017083	17.70854303657242	17.913124177238295	19500
2023-06-06	17.836200714111328	17.9213065384588	17.7658244438182	17.7658244438182	20000
2023-06-07	17.921310424804688	17.921310424804688	17.794471096602386	17.814928901715934	35800
2023-06-08	18.003141403198242	18.035875136766247	17.86402615719486	17.92130863010855	26200
2023-06-09	18.068603515625	18.08497037897244	18.003137623065236	18.05223665227756	18200
2023-06-12	18.003141403198242	18.13407321580962	17.945858930284555	18.13407321580962	32700
2023-06-13	18.134071350097656	18.15862164774782	17.962223949037	17.962223949037	25900
2023-06-14	18.117704391479492	18.363202684223456	18.080879725609403	18.158621554018563	58000
2023-06-15	18.25682258605957	18.305923189076896	18.142257634013294	18.305923189076896	41000
2023-06-16	18.138164520263672	18.4123024971336	18.09315641998229	18.4123024971336	34800
2023-06-20	18.009584426879883	18.273340098271085	17.885949152428733	18.273340098271085	47100
2023-06-21	17.99309730529785	18.09200645713432	17.894188153461382	18.001339865626527	31100
2023-06-22	17.968374252319336	18.124979794684858	17.943648137072387	18.124979794684858	11100
2023-06-23	17.943647384643555	18.042554985699955	17.90243457411341	18.042554985699955	27700
2023-06-26	17.97661590576172	18.026071277970928	17.894191857520998	17.902434419555867	22700
2023-06-27	18.09201431274414	18.09201431274414	17.95189387053119	18.034316365390783	32400
2023-06-28	17.894187927246094	18.050793427295872	17.869461818680286	17.97661195738322	263500
2023-06-29	18.133228302001953	18.133228302001953	17.94365401978708	17.968380143140333	37400
2023-06-30	18.240367889404297	18.248610449761294	18.10849006790761	18.133217748978602	91200
2023-07-03	18.265090942382812	18.289818617188196	18.24036326757743	18.24036326757743	24300
2023-07-05	18.190916061401367	18.298067785491845	18.141462266033045	18.265097540507757	115400
2023-07-06	18.050798416137695	18.265100324879494	17.94364824782082	18.15795015656262	60800
2023-07-07	17.968374252319336	18.20740384709345	17.968374252319336	17.976616814771	18700
2023-07-10	18.042552947998047	18.110964790854567	18.001341714230218	18.001341714230218	34200
2023-07-11	18.12497901916504	18.240371744334894	18.083767780778082	18.092010342877067	27200
2023-07-12	18.2074031829834	18.33928103318372	18.141464257883236	18.314553346730666	54600
2023-07-13	18.28158187866211	18.306307989231538	18.22388552452312	18.22388552452312	85500
2023-07-14	18.33927345275879	18.396969791859508	18.207395657069334	18.3887272331155	34400
2023-07-17	18.34752082824707	18.528852451897926	18.306308023707505	18.528852451897926	52700
2023-07-18	18.37224578857422	18.43406262806194	18.364003228887686	18.405214455212835	26500
2023-07-19	18.396974563598633	18.479398600310216	18.35576333129671	18.479398600310216	38800
2023-07-20	18.479402542114258	18.479402542114258	18.380493362540694	18.47115997947412	18000
2023-07-21	18.45467185974121	18.53709590066039	18.42994574794093	18.53709590066039	29400
2023-07-24	18.44308090209961	18.525897026382356	18.33541946665618	18.525897026382356	56600
2023-07-25	18.393390655517578	18.525897404828527	18.15322562773634	18.434799508297946	53600
2023-07-26	18.542457580566406	18.542457580566406	18.30229257591499	18.30229257591499	23700
2023-07-27	18.451356887817383	18.62526927266046	18.318851762341033	18.62526927266046	44800
2023-07-28	18.459638595581055	18.509327622576684	18.27495817566663	18.434793292290394	23000
2023-07-31	18.451356887817383	18.484482379393626	18.351977253917273	18.385104325079208	20700
2023-08-01	18.492765426635742	18.55901799395771	18.45135816440419	18.48448365827227	27900
2023-08-02	18.517614364624023	18.542458095002626	18.31057485367639	18.36026389401971	27200
2023-08-03	18.44308090209961	18.517615255995462	18.434799131712715	18.50933348560857	14900
2023-08-04	18.385108947753906	18.534176066706344	18.385108947753906	18.5176141065468	19200
2023-08-07	18.426509857177734	18.550733203219124	18.376820834678284	18.409946323149402	45500
2023-08-08	18.471237182617188	18.54245755920307	18.393388862894454	18.54245755920307	20000
2023-08-09	18.484485626220703	18.55073820059624	18.426514821090354	18.534174662105862	16000
2023-08-10	18.459638595581055	18.559016649572314	18.434793292290394	18.55073488180876	16800
2023-08-11	18.484485626220703	18.567301739086616	18.368544015960005	18.368544015960005	29800
2023-08-14	18.559022903442383	18.559022903442383	18.45136304540922	18.45136304540922	45600
2023-08-15	18.409948348999023	18.57558054833758	18.310570293064462	18.57558054833758	28800
2023-08-16	18.34369659423828	18.52589233746367	18.21947322904829	18.484483496009812	16500
2023-08-17	18.219484329223633	18.4265239238739	18.06213379500514	18.260891616318986	40200
2023-08-18	18.21119499206543	18.21119499206543	17.954466443612798	17.962748213509474	55000
2023-08-21	18.21536636352539	18.307152961086906	18.073515072533915	18.290464199434282	17900
2023-08-22	18.21536636352539	18.323840131211618	18.150282421219234	18.323840131211618	21500
2023-08-23	18.190336227416992	18.257089693532116	18.12358276130187	18.14027152571269	43700
2023-08-24	18.181989669799805	18.298807813416875	18.119407611989036	18.265430291510373	20200
2023-08-25	18.265426635742188	18.29045977216176	18.115231000279802	18.27377101454871	17000
2023-08-28	18.332185745239258	18.34887450801453	18.26543228566619	18.273776667053824	10300
2023-08-29	18.373903274536133	18.415623580006297	18.315494210266845	18.407279200606737	24000
2023-08-30	18.44066047668457	18.457349238885108	18.290464799935652	18.38225140051065	21300
2023-08-31	18.423967361450195	18.44900049883642	18.357213919947853	18.44900049883642	16100
2023-09-01	18.442325592041016	18.465689218955877	18.403108757517238	18.403108757517238	8000
2023-09-05	18.398941040039062	18.482383270710457	18.35722072046745	18.482383270710457	25600
2023-09-06	18.34886932373047	18.436482916254302	18.27377150398788	18.382246839850538	17500
2023-09-07	18.432313919067383	18.432313919067383	18.340527329330694	18.42396953895243	11400
2023-09-08	18.398941040039062	18.465694506270545	18.35722072046745	18.35722072046745	14100
2023-09-11	18.357221603393555	18.49907292489909	18.357221603393555	18.49907292489909	33200
2023-09-12	18.357221603393555	18.51576169014168	18.357221603393555	18.40728630759308	11800
2023-09-13	18.49072265625	18.515755796145257	18.39059327972446	18.449002347952316	16200
2023-09-14	18.54913330078125	18.590855204152202	18.407282012375774	18.590855204152202	19900
2023-09-15	18.257083892822266	18.524099263973795	18.257083892822266	18.482377366202776	31700
2023-09-18	18.344276428222656	18.446563084553624	18.344276428222656	18.3945818130463	17000
2023-09-19	18.369430541992188	18.411350100126953	18.24367026845925	18.411350100126953	15500
2023-09-20	18.29397964477539	18.436508424740012	18.27301985930718	18.29397964477539	15100
2023-09-21	18.148094177246094	18.310744769316862	18.11791221961333	18.159831782895374	24100
2023-09-22	18.159833908081055	18.226906176658872	18.08437740603988	18.151449674617698	46400
2023-09-25	18.109529495239258	18.176601761553407	18.025688762564325	18.042457228925105	31500
2023-09-26	17.983768463134766	18.134679856846766	17.93346306610186	18.134679856846766	18000
2023-09-27	17.842910766601562	18.03406738574028	17.82446641881972	18.03406738574028	20300
2023-09-28	17.983768463134766	18.000535329683498	17.874775035359043	17.91669619955313	78600
2023-09-29	17.895736694335938	18.059226853142157	17.883161143323562	18.059226853142157	36100
2023-10-02	17.805187225341797	17.899927616583618	17.782549956738215	17.89154338379974	16600
2023-10-03	17.681941986083984	17.820277826257954	17.5477974626485	17.757398480407552	27400
2023-10-04	17.631635665893555	17.765780170128416	17.539410719558852	17.71547478169387	24400
2023-10-05	17.75404167175293	17.765779275304066	17.606482084875392	17.631634777825777	5300
2023-10-06	17.8378849029541	17.950231705124498	17.59810191813818	17.75739914535623	26200
2023-10-09	18.01729965209961	18.01729965209961	17.757394890379636	17.8580024630519	39600
2023-10-10	18.09276008605957	18.10952855154654	17.866390599372128	18.059224754214515	16200
2023-10-11	18.02568817138672	18.13468000089931	17.958615907272296	18.13468000089931	21800
2023-10-12	18.050838470458984	18.096949346615514	17.866388569318055	18.05922270224982	34000
2023-10-13	18.000534057617188	18.134678575300697	17.950230263268068	17.99214982537087	22200
2023-10-16	18.184982299804688	18.26882301544438	18.05922202590947	18.05922202590947	17600
2023-10-17	18.184982299804688	18.27720564779257	18.08437312121133	18.134676910943686	22500
2023-10-18	17.941848754882812	18.159834028994382	17.941848754882812	18.10114599348916	17400
2023-10-19	17.81608772277832	18.109529487449876	17.790935023247968	17.941848022172138	28100
2023-10-20	17.698705673217773	17.853809936730258	17.698705673217773	17.76577791682818	25800
2023-10-23	17.60755157470703	17.79324904081195	17.599110561253347	17.624431991655698	38000
2023-10-24	17.742599487304688	17.844733627889447	17.658190986907165	17.658190986907165	16400
2023-10-25	17.708837509155273	17.843890481563903	17.708837509155273	17.7341605452163	6600
2023-10-26	17.683517456054688	17.852332879693606	17.607549951931684	17.7763653755706	43600
2023-10-27	17.57378578186035	17.71727977645596	17.421850774646348	17.71727977645596	15400
2023-10-30	17.71727752685547	17.793245020816716	17.62442800980098	17.64975104444084	16100
2023-10-31	17.894535064697266	17.894535064697266	17.71727704693641	17.76792150488596	9300
2023-11-01	17.87765121459961	17.936736677827387	17.691952204503018	17.84388717277909	19700
2023-11-02	18.03803253173828	18.112311191785025	17.92830097330436	17.92830097330436	26700
2023-11-03	18.139320373535156	18.17308442331241	18.038031444120406	18.10555793371641	12600
2023-11-06	18.1224365234375	18.181523604596713	18.065039898538803	18.181523604596713	14100
2023-11-07	18.05491065979004	18.15620119243528	18.012707210330255	18.063351671673676	17200
2023-11-08	18.0633544921875	18.156204027447153	18.03803306254116	18.03803306254116	30900
2023-11-09	18.1224365234375	18.14775955822002	18.046469029048282	18.130877535031672	22700
2023-11-10	18.16632843017578	18.168860894595838	18.080232689685406	18.10555572392766	21300
2023-11-13	18.10555648803711	18.206845409364217	18.080233452726144	18.080233452726144	18200
2023-11-14	18.206844329833984	18.232167363643484	18.147758860903437	18.232167363643484	29400
2023-11-15	18.147762298583984	18.232170817313303	18.147762298583984	18.147762298583984	33400
2023-11-16	18.215288162231445	18.232170187385748	18.15620268414992	18.15620268414992	12800
2023-11-17	18.173084259033203	18.249051760386795	18.105557770047618	18.232169735650775	52600
2023-11-20	18.1875057220459	18.22991996586516	18.102675616407687	18.22991996586516	15700
2023-11-21	18.255367279052734	18.255367279052734	18.128122944957003	18.184110581399086	11100
2023-11-22	18.22991943359375	18.272335294174255	18.170538846780683	18.23840260570985	16300
2023-11-24	18.28081512451172	18.289298295827905	18.196834479080614	18.25536722856265	17200
2023-11-27	18.28081512451172	18.29778146714409	18.195986647348843	18.289298295827905	42400
2023-11-28	18.297780990600586	18.297780990600586	18.204467726552267	18.289297819505332	61400
2023-11-29	18.3232364654541	18.348684369020027	18.23840634490108	18.3147532915988	12200
2023-11-30	18.348678588867188	18.357161760050143	18.238400599487726	18.272333284219535	32200
2023-12-01	18.38260841369629	18.38260841369629	18.28081199333745	18.348675734243606	52600
2023-12-04	18.38260841369629	18.42502264501293	18.255364101747148	18.357158904106775	98700
2023-12-05	18.399580001831055	18.399580001831055	18.31814284231435	18.391096829548093	17000
2023-12-06	18.399580001831055	18.450477417529157	18.331716241567026	18.399580001831055	41800
2023-12-07	18.38260841369629	18.408057923285803	18.340194182379648	18.38260841369629	16600
2023-12-08	18.37413215637207	18.41654640364539	18.331717909098746	18.408064848590584	28400
2023-12-11	18.395336151123047	18.425026442764278	18.25536786452861	18.289298932975925	42800
2023-12-12	18.388553619384766	18.416546634616275	18.323234965844733	18.331718139005755	54700
2023-12-13	18.425025939941406	18.425025939941406	18.331714290758125	18.425025939941406	27600
2023-12-14	18.348678588867188	18.44199185388021	18.323230693317793	18.425025511514303	39500
2023-12-15	18.52173614501953	18.5777237937992	18.323235069527918	18.323235069527918	36400
2023-12-18	18.564146041870117	18.594684161203364	18.532758472889213	18.56075147927813	13400
2023-12-19	18.598928451538086	18.628618744832703	18.50137439957011	18.50137439957011	25100
2023-12-20	18.543790817260742	18.645585649330055	18.492891783226405	18.645585649330055	31100
2023-12-21	18.628618240356445	18.635405748639712	18.44199331355856	18.492890726685328	65900
2023-12-22	18.501375198364258	18.637102721570987	18.501375198364258	18.50985837081464	33100
2023-12-26	18.662555694580078	18.662555694580078	18.502228074179914	18.594691920410696	26600
2023-12-27	18.645584106445312	18.654067278082405	18.408061772604956	18.645584106445312	26500
2023-12-28	18.66093635559082	18.75475328738154	18.602941705929442	18.729166407784227	25100
2023-12-29	18.6865234375	18.720639277332445	18.59270650469356	18.712110317374332	11200
2024-01-02	18.72916603088379	18.737694990577925	18.61829280832547	18.66946493975756	36900
2024-01-03	18.66093635559082	18.712110114785446	18.584178970264404	18.712110114785446	36400
2024-01-04	18.66093635559082	18.720639074651217	18.601235263263185	18.686523235188133	20400
2024-01-05	18.64388084411621	18.729167192883477	18.567121828839408	18.567121828839408	8600
2024-01-08	18.763286590576172	18.763286590576172	18.601239569081372	18.66094067522863	23400
2024-01-09	18.6865234375	18.746224530474	18.626822344526005	18.737695570515886	23000
2024-01-10	18.687374114990234	18.720637543766443	18.643878537984254	18.67799274792488	23200
2024-01-11	18.72064208984375	18.763285269308057	18.66946832240695	18.729169424350193	21700
2024-01-12	18.712106704711914	18.754749869536763	18.660932954843133	18.660932954843133	18300
2024-01-16	18.78034210205078	18.78034210205078	18.635353022858943	18.73769729832793	38100
2024-01-17	18.709550857543945	18.788868718512344	18.643879657410757	18.729166000749444	12200
2024-01-18	18.758167266845703	18.83919158395669	18.635353805776635	18.660939062352316	23000
2024-01-19	18.867332458496094	18.89974185444033	18.763281753643355	18.848569723324644	25800
2024-01-22	18.939258575439453	18.973505932126443	18.870762228983757	18.879322843344216	28400
2024-01-23	18.964942932128906	19.00775416764098	18.922133329698486	18.982067426333735	28600
2024-01-24	18.99062728881836	18.99918953484563	18.845072372517677	18.845072372517677	44300
2024-01-25	18.950382232666016	18.999186864854703	18.887879315223906	18.999186864854703	42200
2024-01-26	18.922130584716797	19.02487426887772	18.922130584716797	18.999189164378198	24200
2024-01-29	18.99919319152832	19.007755439203525	18.93069684320845	18.990630943853116	47200
2024-01-30	18.964942932128906	19.0505637700714	18.887884341288828	18.887884341288828	28800
2024-01-31	19.03343963623047	19.126766988256616	18.982067785725	19.01631514170142	26700
2024-02-01	19.084810256958008	19.093370869856695	18.99918943023818	19.024874535097123	31900
2024-02-02	19.11391830444336	19.15330495921116	19.0163106682871	19.041997404038103	56700
2024-02-05	19.076250076293945	19.164438116582314	19.042001088665426	19.042001088665426	37300
2024-02-06	19.092514038085938	19.161866103533974	19.059122423839206	19.059122423839206	29900
2024-02-07	19.10193634033203	19.213243923781473	19.093374092906558	19.10193634033203	20900
2024-02-08	19.084810256958008	19.21324068049703	19.07624801097788	19.07624801097788	55800
2024-02-09	19.170427322387695	19.18755181244687	19.093368750202664	19.178989567417283	13600
2024-02-12	19.11905860900879	19.178992700926816	19.084811256376284	19.084811256376284	29800
2024-02-13	19.10193634033203	19.187557181505053	19.084813478562797	19.084813478562797	28800
2024-02-14	19.153305053710938	19.181558993403275	19.10193158195546	19.16186566592221	24900
2024-02-15	19.13618278503418	19.187554629673155	19.110496046173946	19.110496046173946	41400
2024-02-16	19.150732040405273	19.256044531682875	19.119051903039693	19.144738633315644	56500
2024-02-20	19.126657485961914	19.178257721853594	18.928855214758872	19.100856547845112	19600
2024-02-21	19.17825698852539	19.212658238032375	19.100855817476535	19.212658238032375	17600
2024-02-22	19.35886001586914	19.384660952663676	19.178256738991077	19.178256738991077	31600
2024-02-23	19.341659545898438	19.393259779558004	19.211798602447793	19.350259858232008	30900
2024-02-26	19.350263595581055	19.436265095185405	19.315862339602447	19.401863839206797	35800
2024-02-27	19.393260955810547	19.393260955810547	19.255659230811226	19.350261031876492	36800
2024-02-28	19.281457901000977	19.35025875540653	19.212657046595425	19.35025875540653	29700
2024-02-29	19.350263595581055	19.350263595581055	19.255661781982052	19.255661781982052	23600
2024-03-01	19.350263595581055	19.436265095185405	19.341663281586403	19.350263595581055	21000
2024-03-04	19.41905975341797	19.436260377232	19.30725897931033	19.367459522317656	28200
2024-03-05	19.18686294555664	19.393265582295324	19.178262630649733	19.350265648103143	25600
2024-03-06	19.324462890625	19.41046439128422	19.264262332266203	19.35026383292542	29800
2024-03-07	19.436262130737305	19.436262130737305	19.238459860055922	19.427661818054386	16400
2024-03-08	19.427658081054688	19.427658081054688	19.341656611110192	19.427658081054688	27200
2024-03-11	19.41905975341797	19.427660065324982	19.195456564860915	19.41905975341797	6600
2024-03-12	19.444862365722656	19.487862288623514	19.34166025428192	19.34166025428192	11400
2024-03-13	19.47926139831543	19.548062257121654	19.436261476689737	19.48786171070894	25900
2024-03-14	19.481842041015625	19.51366303346619	19.462061158085508	19.4792617832124	8800
2024-03-15	19.324462890625	19.522266834243858	19.264262332266203	19.427665019484497	52500
2024-03-18	19.37631607055664	19.49730948778599	19.341745580827293	19.402243937853648	26400
2024-03-19	19.47138023376465	19.531876932949295	19.36767042915424	19.36767042915424	27700
2024-03-20	19.56212615966797	19.566446646198553	19.41952537798615	19.462738485349504	24700
2024-03-21	19.626943588256836	19.626943588256836	19.55780426404096	19.60101737193308	13400
2024-03-22	19.618303298950195	19.868932739814937	19.55780494579236	19.868932739814937	44600
2024-03-25	19.713367462158203	19.713367462158203	19.557803576041987	19.713367462158203	12200
2024-03-26	19.514591217041016	19.68744033772512	19.505948596165673	19.68744033772512	102300
2024-03-27	19.661518096923828	19.67966711142799	19.531882043549558	19.531882043549558	23600
2024-03-28	19.696086883544922	19.71337048032842	19.59237706078537	19.67880163834971	47100
2024-04-01	19.618303298950195	19.722011464683337	19.57509018955174	19.57509018955174	25200
2024-04-02	19.615707397460938	19.63990607572011	19.514590549928652	19.61830034847604	29300
2024-04-03	19.609657287597656	19.644226120729723	19.523232732150557	19.601014667211818	12400
2024-04-04	19.549161911010742	19.704724143207578	19.41952424489628	19.704724143207578	29300
2024-04-05	19.50594711303711	19.601014287026103	19.445450419920935	19.488661872600698	19100
2024-04-08	19.531879425048828	19.60101875414021	19.497308936297323	19.60101875414021	14900
2024-04-09	19.497304916381836	19.652868786866502	19.419522981139504	19.652868786866502	19800
2024-04-10	19.480018615722656	19.497302205720384	19.367666214476564	19.497302205720384	17500
2024-04-11	19.514591217041016	19.523233837916358	19.359027338107598	19.514591217041016	21100
2024-04-12	19.263965606689453	19.497309822724368	19.18618365187391	19.497309822724368	23400
2024-04-15	19.07382583618164	19.45409288060802	19.05654059588698	19.45409288060802	16800
2024-04-16	19.220748901367188	19.255319385229075	19.09975550467337	19.255319385229075	21600
2024-04-17	19.186182022094727	19.298532809278093	19.013332881984784	19.298532809278093	26100
2024-04-18	19.128273010253906	19.255317714168317	19.06518336625141	19.246675093952888	16800
2024-04-19	19.186182022094727	19.281247565584785	19.14296891286146	19.14296891286146	17100
2024-04-22	19.259349822998047	19.337746221684796	19.233217136291312	19.329035326115886	25700
2024-04-23	19.28548240661621	19.408303884198844	19.259351379231436	19.259351379231436	10200
2024-04-24	19.398723602294922	19.407434499109062	19.29419450195893	19.390012705480782	10700
2024-04-25	19.337749481201172	19.337749481201172	19.2166708368215	19.337749481201172	5200
2024-04-26	19.40743064880371	19.40743064880371	19.29419067411964	19.3900088586318	15700
2024-04-29	19.468408584594727	19.49453961289103	19.337748458812275	19.49453961289103	14200
2024-04-30	19.346454620361328	19.468405491626296	19.30290180583101	19.468405491626296	23500
2024-05-01	19.355167388916016	19.433563791805177	19.259350855388682	19.34645649288016	10900
2024-05-02	19.398723602294922	19.424854631303653	19.333392706905716	19.416145395923202	8300
2024-05-03	19.450986862182617	19.555515960048925	19.42485417235763	19.485830448615935	22400
2024-05-06	19.51195526123047	19.625195219631106	19.433558878163296	19.625195219631106	15800
2024-05-07	19.503250122070312	19.691402493808067	19.499766095795586	19.633911906691043	12600
2024-05-08	19.485830307006836	19.58164684613484	19.36387941681012	19.450986720826734	14000
2024-05-09	19.552026748657227	19.599065249578356	19.531993185358733	19.5555124358193	7300
2024-05-10	19.60777473449707	19.668749333948018	19.513699400853717	19.668749333948018	19100
2024-05-13	19.60777473449707	19.694882017184096	19.52937834622207	19.694882017184096	21200
2024-05-14	19.59906768798828	19.65133140328819	19.55551486881062	19.59906768798828	22600
2024-05-15	19.572933197021484	19.644361541785443	19.554640815279505	19.555513067814886	29700
2024-05-16	19.54767608642578	19.625201904948696	19.529383701574353	19.56422562734359	9300
2024-05-17	19.59906768798828	19.628684402517198	19.47711846514398	19.607778584110527	9600
2024-05-20	19.477277755737305	19.6437506865418	19.477277755737305	19.591180903032118	19400
2024-05-21	19.52284049987793	19.573658908999235	19.468517661017817	19.468517661017817	31200
2024-05-22	19.49042510986328	19.582422666047577	19.45099734704664	19.582422666047577	10200
2024-05-23	19.319570541381836	19.556137120540868	19.22319286448134	19.556137120540868	22800
2024-05-24	19.33709144592285	19.407185050896196	19.250351382681394	19.33709144592285	19700
2024-05-28	19.214427947998047	19.293283462049303	19.10928670554192	19.293283462049303	49600
2024-05-29	19.05409049987793	19.30379910105584	19.030433508549514	19.161860495412466	27600
2024-05-30	18.820152282714844	18.960339506070508	18.820152282714844	18.960339506070508	26000
2024-05-31	19.14784049987793	19.14784049987793	18.87272353664742	18.87272353664742	5300
2024-06-03	19.094390869140625	19.449240668295374	18.98224244318718	19.109285947529536	21700
2024-06-04	19.161861419677734	19.240715275970008	18.960340809977268	18.960340809977268	16900
2024-06-05	19.267000198364258	19.267000198364258	19.153098703032413	19.267000198364258	15000
2024-06-06	19.2757625579834	19.349360603250467	19.188145121214387	19.310810201156446	12500
2024-06-07	19.2757625579834	19.345856173165885	19.188145121214387	19.2757625579834	24200
2024-06-10	19.267000198364258	19.31080975131002	19.14433679244326	19.31080975131002	28600
2024-06-11	19.135574340820312	19.196906042046738	19.09176646027673	19.161860071844576	13700
2024-06-12	19.18814468383789	19.337093821600963	19.118051070253127	19.2670002080162	23600
2024-06-13	19.100528717041016	19.14433827337572	19.047958920603072	19.047958920603072	7600
2024-06-14	19.056713104248047	19.16185432565218	18.995381421413562	18.995381421413562	49800
2024-06-17	19.267000198364258	19.293285930131717	19.04795744712615	19.135574881854108	24800
2024-06-18	19.1969051361084	19.30204638408011	19.16185916756012	19.16185916756012	23500
2024-06-20	19.402803421020508	19.46676385146828	19.219684038512085	19.275758249659486	19200
2024-06-21	19.389663696289062	19.47728113143276	19.345855814299	19.39842560691979	16700
2024-06-24	19.52871322631836	19.546313314042465	19.431905190150058	19.502310576836962	24400
2024-06-25	19.387903213500977	19.4759086913643	19.379102329995266	19.440706835938347	26200
2024-06-26	19.46711540222168	19.475914609804448	19.379108219017397	19.440712743681175	19500
2024-06-27	19.414310455322266	19.51991941290058	19.384387777458624	19.51991941290058	29600
2024-06-28	19.449512481689453	19.53751965969837	19.40550805338634	19.414308939046965	17800
2024-07-01	19.519914627075195	19.572718253619424	19.405504811199503	19.511113742884984	20100
2024-07-02	19.484710693359375	19.546315202838766	19.42310618387998	19.511113345392108	30300
2024-07-03	19.49350929260254	19.55599505817717	19.42310390736421	19.42310390736421	17300
2024-07-05	19.56391716003418	19.60792158051424	19.5023126499591	19.590319812322218	21400
2024-07-08	19.61672592163086	19.63432601432751	19.54631883645505	19.599124150336905	12500
2024-07-09	19.607921600341797	19.651924342269346	19.493511785574956	19.651924342269346	9600
2024-07-10	19.603519439697266	19.660724344514826	19.555115418589864	19.60792072085081	44100
2024-07-11	19.65192413330078	19.704727758771757	19.607921391841135	19.704727758771757	52400
2024-07-12	19.739933013916016	19.739933013916016	19.669527614290967	19.69592859002715	17700
2024-07-15	19.70472526550293	19.76632976719032	19.67832429540649	19.73992879709388	25300
2024-07-16	19.75753402709961	19.75753402709961	19.7047287204545	19.731131373777057	26100
2024-07-17	19.783935546875	19.801537316241635	19.7223310326889	19.7223310326889	55700
2024-07-18	19.801536560058594	19.844659718342072	19.714408980038975	19.827939213100276	45700
2024-07-19	19.678327560424805	19.81913835295832	19.634323138634922	19.81913835295832	41200
2024-07-22	19.668582916259766	19.81919825326191	19.57998536098948	19.81919825326191	20600
2024-07-23	19.624279022216797	19.74831624854001	19.624279022216797	19.74831624854001	36400
2024-07-24	19.553403854370117	19.721739025477792	19.5268257730452	19.721739025477792	18000
2024-07-25	19.6065616607666	19.67743936056246	19.517965803415024	19.615421584473292	21800
2024-07-26	19.739458084106445	19.79261593448965	19.62428077010897	19.62428077010897	23300
2024-07-29	19.766033172607422	19.766033172607422	19.6862955641728	19.766033172607422	39700
2024-07-30	19.801475524902344	19.801475524902344	19.69515813606606	19.783755678453367	35600
2024-07-31	19.828052520751953	19.881212057192737	19.686297136624813	19.881212057192737	13300
2024-08-01	19.712879180908203	19.872354428928734	19.63314155689794	19.872354428928734	19400
2024-08-02	19.47366714477539	19.532141292235718	19.30533365562379	19.420509289772664	54700
2024-08-05	19.001445770263672	19.225596961384646	18.791469106573985	18.826908804867845	43000
2024-08-06	19.243314743041992	19.455947859058956	19.101559332364015	19.1812969621026	34800
2024-08-07	19.136995315551758	19.447085849919226	19.092695702152138	19.4382259272393	19200
2024-08-08	19.385068893432617	19.438228436374125	19.19901556271039	19.34963088799596	11600
2024-08-09	19.47366714477539	19.553404772208356	19.287613807336967	19.287613807336967	11800
2024-08-12	19.491384506225586	19.517964275264603	19.385067119927044	19.517964275264603	11100
2024-08-13	19.704017639160156	19.704017639160156	19.518849810331954	19.57112217334158	21400
2024-08-14	19.739458084106445	19.783756011116186	19.57200840510583	19.615420846735503	17900
2024-08-15	20.022972106933594	20.022972106933594	19.87235676497098	19.934374548745375	35900
2024-08-16	20.058406829833984	20.129284526800063	19.95209112931366	20.129284526800063	16600
2024-08-19	20.213346481323242	20.213346481323242	20.017445126656924	20.053064172381557	25400
2024-08-20	20.04416275024414	20.186635560059027	20.035257987329476	20.088684866407593	17600
2024-08-21	20.12430191040039	20.24006041992284	20.053065512599723	20.24006041992284	32600
2024-08-22	20.1599178314209	20.266773269754214	20.01833671094242	20.266773269754214	18700
2024-08-23	20.28458595275879	20.28458595275879	20.101150896576005	20.240062138846046	41600
2024-08-26	20.293489456176758	20.427057492806394	20.151014958907446	20.427057492806394	27500
2024-08-27	20.28458595275879	20.302393779914045	20.151016209430406	20.293490715541335	16400
2024-08-28	20.293489456176758	20.32465527477668	20.151014958907446	20.311297282226906	15400
2024-08-29	20.3469181060791	20.471581391353613	20.275681700435115	20.471581391353613	20200
2024-08-30	20.32910919189453	20.427059889506666	20.186636376318663	20.427059889506666	19900
2024-09-03	20.302391052246094	20.338010098590797	20.21067523488675	20.338010098590797	16300
2024-09-04	20.151012420654297	20.382531114241086	20.106490313522404	20.382531114241086	11400
2024-09-05	20.195537567138672	20.275678724024907	20.106491648552897	20.275678724024907	13300
2024-09-06	20.12430191040039	20.265884739322008	20.03525598854713	20.257869943975432	8900
2024-09-09	20.213346481323242	20.31129546024682	20.115395803990083	20.18663219702977	17200
2024-09-10	20.222248077392578	20.24896235974816	20.10203805281611	20.21334501501684	20200
2024-09-11	20.275678634643555	20.309516049588794	19.95511400851176	20.293488157964127	13200
2024-09-12	20.302391052246094	20.391436969698237	20.25786894272483	20.284583227483356	15400
2024-09-13	20.373628616333008	20.435961951015273	20.32020174215792	20.32020174215792	16600
2024-09-16	20.48048210144043	20.48048210144043	20.27567768804432	20.409245709893543	24300
2024-09-17	20.373628616333008	20.76453968988615	20.373628616333008	20.560625223560383	17500
2024-09-18	20.43596076965332	20.5775418931123	20.43596076965332	20.50719716390531	44100
2024-09-19	20.560625076293945	20.765429507839624	20.409247518540685	20.658575760254788	22600
2024-09-20	20.59624481201172	20.685290744254495	20.266777070646317	20.685290744254495	28300
2024-09-23	20.574708938598633	20.745193266308448	20.47600721548785	20.745193266308448	28100
2024-09-24	20.610597610473633	20.627646897492703	20.476005452368753	20.476005452368753	13800
2024-09-25	20.547788619995117	20.61059818142185	20.467032980608693	20.467032980608693	47800
2024-09-26	20.538816452026367	20.628545134197857	20.493952966656757	20.493952966656757	39300
2024-09-27	20.664438247680664	20.691355655574863	20.559455564882736	20.628546088578613	17400
2024-09-30	20.664438247680664	20.745193894227942	20.484980875035085	20.745193894227942	23300
2024-10-01	20.595346450805664	20.664438687404115	20.547790879272608	20.547790879272608	14800
2024-10-02	20.709304809570312	20.71827785067794	20.574712615821124	20.71827785067794	15100
2024-10-03	20.63751792907715	20.70032749242344	20.493952723876408	20.70032749242344	19100
2024-10-04	20.68238067626953	20.790055432045943	20.565734592991255	20.790055432045943	16600
2024-10-07	20.593551635742188	20.708404144425693	20.556762687513775	20.637518330940736	34300
2024-10-08	20.709304809570312	20.709304809570312	20.5657395747135	20.682385686247436	10500
2024-10-09	20.781084060668945	20.781084060668945	20.601626690451944	20.77211102101486	22400
2024-10-10	20.799028396606445	20.816974474410372	20.67340927484331	20.772109279900555	19100
2024-10-11	20.834918975830078	20.861838092710453	20.700326814292577	20.834918975830078	17900
2024-10-14	20.879783630371094	20.93362015130665	20.816974070707587	20.879783630371094	13300
2024-10-15	20.825946807861328	20.90670245044766	20.78557069800042	20.90670245044766	11700
2024-10-16	20.861841201782227	20.906704691836737	20.790058590835542	20.906704691836737	18600
2024-10-17	20.834918975830078	20.933620692959266	20.75416333662114	20.933620692959266	11100
2024-10-18	20.861841201782227	20.915677732134128	20.762242679343363	20.915677732134128	15700
2024-10-21	20.773326873779297	20.944933099873708	20.719136068636978	20.944933099873708	15000
2024-10-22	20.71913719177246	20.827518807932208	20.683008837922724	20.701073014847594	29300
2024-10-23	20.637849807739258	20.791391863900618	20.556562735495323	20.646881896065775	25800
2024-10-24	20.60171890258789	20.773325114146164	20.466241039860616	20.7101022263864	54400
2024-10-25	20.51140022277832	20.845580566337603	20.493337770643798	20.493337770643798	37200
2024-10-28	20.637849807739258	20.854614759491522	20.562885025054413	20.69204061500365	26000
2024-10-29	20.56559181213379	20.63784678546997	20.511399290110816	20.511399290110816	20000
2024-10-30	20.547527313232422	20.655910632870185	20.547527313232422	20.637846459148154	5300
2024-10-31	20.403018951416016	20.57462516969719	20.321731886056227	20.57462516969719	9000
2024-11-01	20.48430824279785	20.646882391184302	20.339798271497617	20.339798271497617	19900
2024-11-04	20.37592124938965	20.556559542472247	20.357858798236936	20.556559542472247	36800
2024-11-05	20.57462501525879	20.601719555045637	20.339795908503703	20.339795908503703	17000
2024-11-06	21.098474502563477	21.4100737759379	20.85461330286458	21.28814317608845	115700
2024-11-07	21.125568389892578	21.197823366529576	21.04428132583914	21.197823366529576	45700
2024-11-08	21.19782257080078	21.667480762658396	21.151761166208885	21.270077544725456	32400
2024-11-11	21.21588897705078	21.63135641284928	21.179762347634842	21.306208134632598	92500
2024-11-12	21.17976188659668	21.315239758673016	21.175244981333858	21.252016866550367	33400
2024-11-13	21.22492027282715	21.297175251656647	21.22492027282715	21.297175251656647	54400
2024-11-14	21.22492027282715	21.270078988585116	21.143633206307136	21.270078988585116	24100
2024-11-15	21.19782257080078	21.27910963180285	21.1355023758529	21.242983006187742	64400
2024-11-18	21.144121170043945	21.280651956620066	21.125916602211625	21.280651956620066	24900
2024-11-19	21.089509963989258	21.22604075549432	20.752732391265777	21.04400027884864	58100
2024-11-20	21.171428680419922	21.2852046287867	21.125917259423293	21.244245217931333	19900
2024-11-21	21.291574478149414	21.36075044407744	21.198733963921313	21.216936794889424	24400
2024-11-22	21.4080810546875	21.426285621549837	21.289753106165364	21.426285621549837	25400
2024-11-25	21.44449234008789	21.517308884655392	21.365304369571774	21.517308884655392	33500
2024-11-26	21.417184829711914	21.479989374502843	21.33526600920924	21.426287113777008	44000
2024-11-27	21.453596115112305	21.479993264506522	21.335269873003668	21.335269873003668	9200
2024-11-29	21.480899810791016	21.571920918446537	21.398980987509372	21.571920918446537	23500
2024-12-02	21.490001678466797	21.526409079173117	21.408082856773582	21.526409079173117	25500
2024-12-03	21.490001678466797	21.59012333247157	21.46269482587466	21.59012333247157	60600
2024-12-04	21.526409149169922	21.590123402675555	21.490001748345218	21.590123402675555	22700
2024-12-05	21.490001678466797	21.55371593176525	21.480899394269418	21.490001678466797	19400
2024-12-06	21.526409149169922	21.84498215278129	21.48909030466428	21.58102111844858	9200
2024-12-09	21.526409149169922	21.644737108037415	21.526409149169922	21.58102111844858	20900
2024-12-10	21.54461669921875	21.608330961541903	21.53551441373209	21.608330961541903	22600
2024-12-11	21.526409149169922	21.562818286077828	21.526409149169922	21.55371600185085	11700
2024-12-12	21.526409149169922	21.635634823810438	21.490001748345218	21.55371600185085	26400
2024-12-13	21.54461669921875	21.562821270192064	21.481812144619227	21.526412128245436	19300
2024-12-16	21.453596115112305	21.553719521877408	21.39898413691474	21.435391543685288	30700
2024-12-17	21.46269416809082	21.53551070335499	21.389877632826654	21.389877632826654	22900
2024-12-18	21.089509963989258	21.634723422409994	20.96208145672896	21.517306906993976	32600
2024-12-19	21.053098678588867	21.289752836553113	21.016691281408306	21.289752836553113	39600
2024-12-20	21.344369888305664	21.463605825477416	20.754554683827074	20.889266067540795	32500
2024-12-23	21.417184829711914	21.421735103702876	21.21693805244619	21.21693805244619	19500
2024-12-24	21.526409149169922	21.532780574520487	21.435388042983362	21.435388042983362	5300
2024-12-26	21.5537166595459	21.6447377685099	21.54461437504117	21.5537166595459	35700
2024-12-27	21.453596115112305	21.562821807590915	21.435391543685288	21.435391543685288	18700
2024-12-30	21.409685134887695	21.60058627029915	21.243600400639668	21.48604595316938	25600
2024-12-31	21.40013885498047	21.51468098761071	21.381048196111188	21.51468098761071	25000
2025-01-02	21.323780059814453	21.5051376950794	21.26078233604722	21.4192315426163	25200
2025-01-03	21.476499557495117	21.571951030756626	21.333323257895568	21.333323257895568	17000
2025-01-06	21.486045837402344	21.74376428043401	21.476500507595375	21.591042644693506	81300
2025-01-07	21.438316345214844	21.619673946324586	21.381046194553708	21.619673946324586	67900
2025-01-08	21.390592575073242	21.505134702613905	21.353367066342035	21.38104724606274	66400
2025-01-10	21.218780517578125	21.505134929153623	21.209235188467073	21.505134929153623	274500
2025-01-13	21.34286880493164	21.396321193562684	21.09469570015506	21.09469570015506	44000
2025-01-14	21.476499557495117	21.524224383833158	21.333323257895568	21.505135545649196	28600
2025-01-15	21.705581665039062	21.810578466060253	21.619675522491796	21.810578466060253	185200
2025-01-16	21.758081436157227	21.820125169813107	21.703675058723253	21.7246736920161	43100
2025-01-17	21.75330924987793	21.944210381098358	21.648312444326134	21.944210381098358	24700
2025-01-21	21.92893409729004	21.94812835168361	21.82432669217045	21.94812835168361	182800
2025-01-22	21.957721710205078	22.015304468302965	21.922214356222536	22.015304468302965	70400
2025-01-23	21.976917266845703	22.044095324814382	21.880947828119826	21.880947828119826	27900
2025-01-24	21.976917266845703	22.044095324814382	21.948127716553298	21.948127716553298	61000
2025-01-27	22.034496307373047	22.092079063946947	21.917414297749534	22.063287685659997	51300
2025-01-28	22.04409408569336	22.12086926626549	22.01530453701924	22.12086926626549	51800
2025-01-29	22.05368995666504	22.10167558583147	22.02490040962977	22.092078459998184	49400
2025-01-30	22.10167694091797	22.14006361614007	22.02490176000907	22.111274067339668	41500
2025-01-31	22.05368995666504	22.1592565103666	22.03449570499847	22.111272711664757	73400
2025-02-03	22.005706787109375	22.07288483939842	21.852156430315947	21.852156430315947	46000
2025-02-04	22.082483291625977	22.12086996789725	21.95868346919238	21.996110981934677	39500
2025-02-05	22.063289642333984	22.12087057354979	21.99611158417141	22.12087057354979	32900
2025-02-06	22.140064239501953	22.178452746269596	22.116072338004553	22.178452746269596	32800
2025-02-07	22.092079162597656	22.197643889191927	22.072884910320646	22.197643889191927	32800
2025-02-10	22.130464553833008	22.236031104772465	22.083439919805496	22.236031104772465	32100
2025-02-11	22.168855667114258	22.197645216786974	22.107434422247273	22.197645216786974	35400
2025-02-12	22.159255981445312	22.178450232653734	22.120867479028465	22.178450232653734	27600
2025-02-13	22.197643280029297	22.216837531779568	22.13046522936795	22.197643280029297	43300
2025-02-14	22.207242965698242	22.236034346642384	22.18805054220029	22.226437219661005	22900
2025-02-18	22.2264347076416	22.2264347076416	22.10167573191346	22.10167573191346	43400
2025-02-19	22.255226135253906	22.270580072351418	22.19572505283954	22.26482326117215	40900
2025-02-20	22.2264347076416	22.264823211228478	22.102634895363753	22.2264347076416	78900
2025-02-21	21.89054298400879	22.22643507407316	21.883825178816796	22.16885414820815	60400
2025-02-24	22.00049591064453	22.096947380837353	21.91368977143687	21.990850579659373	53800
2025-02-25	22.106592178344727	22.106592178344727	21.902115949506594	22.00049537972708	81400
2025-02-26	22.00049591064453	22.136492685978876	21.94262576439235	22.077656718867033	52000
2025-02-27	21.923337936401367	22.13553156618711	21.894403779364414	22.01014408683026	54800
2025-02-28	22.13553237915039	22.13553237915039	21.797953097268667	21.971565404502645	57300
2025-03-03	21.923337936401367	22.273456321752434	21.79795229670353	22.15482039099207	53500
2025-03-04	21.60504722595215	21.926229583307762	21.587686365490004	21.778659509891273	80800
2025-03-05	21.79795265197754	21.90404762894058	21.63398568067933	21.720791832523034	80900
2025-03-06	21.69185447692871	21.884757433314185	21.61469366230631	21.740081135854545	60100
2025-03-07	21.826885223388672	21.826885223388672	21.441081154151412	21.653274771976093	47900
2025-03-10	21.412147521972656	21.706321867189008	21.23853522665877	21.643629969171517	47000
2025-03-11	21.199953079223633	21.402501362477548	21.032128357485217	21.402501362477548	90600
2025-03-12	21.074569702148438	21.477734669939146	20.98776354856475	21.248182009315812	29400
2025-03-13	20.83344078063965	21.17102004414773	20.83344078063965	21.17102004414773	37700
2025-03-14	21.24818229675293	21.277116455232846	20.920248343147076	20.920248343147076	39000
2025-03-17	21.383211135864258	21.479662613684532	21.219244175467473	21.219244175467473	58900
2025-03-18	21.1903076171875	21.383210567702527	21.1903076171875	21.31569508691993	47800
2025-03-19	21.412147521972656	21.59443932825686	21.286760046619758	21.450727010009654	50300
2025-03-20	21.47001838684082	21.611800907548005	21.267470089028677	21.431437057863644	38800
2025-03-21	21.53753089904785	21.595401044864044	21.21924233757064	21.363918621940506	33200
2025-03-24	21.595848083496094	21.693039492733174	21.479219875429152	21.693039492733174	59000
2025-03-25	21.595848083496094	21.634725388699703	21.51809532686082	21.634725388699703	30200
2025-03-26	21.518095016479492	21.673600527507	21.479219565608574	21.576410973443746	22100
2025-03-27	21.50837516784668	21.547252471545125	21.469499717920108	21.51809449377129	61100
2025-03-28	21.352867126464844	21.576407888657616	21.265395057296292	21.576407888657616	108300
2025-03-31	21.45005989074707	21.518093314719685	21.216801642653053	21.323712368193892	54200
2025-04-01	21.479217529296875	21.527812301721532	21.352868154957978	21.440340228339757	30400
2025-04-02	21.547252655029297	21.56669130704405	21.304275066160574	21.304275066160574	60600
2025-04-03	21.002981185913086	21.255678074451	21.002981185913086	21.041856632118776	83100
2025-04-04	19.807531356811523	20.691971446822738	19.778375233845	20.594780044800117	233500
2025-04-07	19.58399200439453	20.25363924822908	19.039722760171053	19.253542356958764	174200
2025-04-08	19.56455421447754	20.604499829382938	19.341015282486037	20.448994324191297	163400
2025-04-09	21.0127010345459	21.09045378266658	19.38961079547643	19.418766917414345	118700
2025-04-10	20.546180725097656	20.798877595741313	19.87653540822064	20.789158271435223	96100
2025-04-11	20.857192993164062	20.912592959798854	20.380957194989566	20.575339985733788	69700
2025-04-14	21.041858673095703	21.207083506482352	20.89607249158322	21.207083506482352	64600
2025-04-15	21.03213882446289	21.15848820473302	20.961189415280128	21.07101612724503	34100
2025-04-16	20.62393569946289	20.973823997290754	20.48301011619046	20.964104671932006	73400
2025-04-17	20.39067840576172	20.497589135935982	20.27405020354602	20.448994360641418	101900
2025-04-21	20.04610252380371	20.438778005320923	19.869398089014865	20.38969427229042	152600
2025-04-22	20.379878997802734	20.448596979241675	20.178632678263885	20.291526772402793	71600
2025-04-23	20.487865447998047	20.684202270150703	20.487865447998047	20.66456802620807	53100
2025-04-24	20.79218864440918	20.79218864440918	20.482955857211575	20.5467662135213	90800
2025-04-25	20.70383644104004	20.713653562976717	20.57621572828779	20.57621572828779	77400
2025-04-28	20.73328971862793	20.772556337570784	20.627265540905345	20.76273921472889	45600
2025-04-29	20.8020076751709	20.8118247979982	20.713655442149914	20.752922061034393	37000
2025-04-30	20.81182289123535	20.81182289123535	20.615484197527177	20.752920159668168	38500
2025-05-01	20.86090660095215	20.929624581932064	20.81280401426621	20.929624581932064	40500
2025-05-02	20.890357971191406	21.017976811263768	20.86581423018654	21.017976811263768	33200
2025-05-05	20.939441680908203	20.949258802812373	20.802005719098933	20.802005719098933	26400
2025-05-06	20.91980743408203	20.988525414976753	20.870723696992815	20.939441677887537	26200
2025-05-07	20.96889305114746	20.96889305114746	20.860906582602837	20.929624563522307	34900
2025-05-08	20.890357971191406	21.017976811263768	20.772554380611528	21.017976811263768	82100
2025-05-09	20.978710174560547	21.008159667856976	20.917845142191915	20.93944168693257	82200
2025-05-12	20.993436813354492	21.513733086772334	20.98263854001091	21.459739847629717	108800
2025-05-13	20.988527297973633	21.085715502832993	20.974783700561673	21.037612911891138	116800
2025-05-14	20.96889305114746	21.135780378705263	20.939441685428594	20.939441685428594	92800
2025-05-15	20.959077835083008	21.02779582225111	20.959077835083008	20.968894957881982	55400
2025-05-16	21.135780334472656	21.190754719093185	20.949258763492626	20.96889300726411	32800
2025-05-19	21.073625564575195	21.211747972459886	21.014428633958893	21.014428633958893	35800
2025-05-20	21.06376075744629	21.17228470696781	21.04106841108018	21.162420433010507	49300
2025-05-21	20.846708297729492	21.083492262740368	20.802311539512043	21.034161485956133	48500
2025-05-22	20.836843490600586	20.92563512298516	20.76778040487109	20.76778040487109	16000
2025-05-23	20.777647018432617	20.846708223909268	20.521132625393115	20.669123073445043	29400
2025-05-27	20.965099334716797	21.014428227499593	20.84670735755079	20.876305822286454	40400
2025-05-28	20.97496795654297	21.053895323344257	20.920705039033923	21.014430699055183	45800
2025-05-29	21.024293899536133	21.063758518277275	20.866439188124748	21.05389236359199	27500
2025-05-30	21.036134719848633	21.073625356157507	20.89603832961828	21.01442842612666	44500
2025-06-02	21.09335708618164	21.09335708618164	20.85460289471831	21.034162034274186	30000
2025-06-03	21.09335708618164	21.1624201754799	21.02429587866015	21.09335708618164	28200
2025-06-04	21.14268684387207	21.192015737784796	21.083491794821466	21.192015737784796	29700
2025-06-05	21.07461166381836	21.204841900629805	21.03021490664279	21.201881865914544	25000
2025-06-06	21.201881408691406	21.251212183254143	21.132820206080215	21.132820206080215	34200
2025-06-09	21.244308471679688	21.30054349110285	21.14268875815775	21.152554914188922	60200
2025-06-10	21.29265022277832	21.299556343466907	21.21174887655384	21.21174887655384	31600
2025-06-11	21.29067611694336	21.39920194530022	21.251213376853336	21.39920194530022	22900
2025-06-12	21.37946891784668	21.37946891784668	21.270943093127	21.359736607574614	10500
2025-06-13	21.113088607788086	21.300541793890574	21.053893558094508	21.182149812726713	19400
2025-06-16	21.409069061279297	21.45839795904914	21.20188355073694	21.29067707214412	33200
2025-06-17	21.083492279052734	21.320274362470087	21.083492279052734	21.270943585647686	32400
2025-06-18	21.154525756835938	21.26107760114118	21.073626293039837	21.103222877594394	46900
2025-06-20	21.1920166015625	21.30054243072598	21.063760343095737	21.21174891264254	41400
2025-06-23	21.227794647216797	21.307299417989235	21.10853654328651	21.15822820973382	69400
2025-06-24	21.37686538696289	21.37686538696289	21.267545618717993	21.366927053891246	30100
2025-06-25	21.41661834716797	21.426556680946575	21.335127043052758	21.36692857381829	29500
2025-06-26	21.48618507385254	21.48618507385254	21.416616742614426	21.416616742614426	26400
2025-06-27	21.51599884033203	21.5607203925914	21.416617402473076	21.49612217365159	60100
2025-06-30	21.545814514160156	21.635257621476065	21.44643307319322	21.635257621476065	107000
2025-07-01	21.55575180053711	21.625318237171122	21.466308697566742	21.625318237171122	87700
2025-07-02	21.565690994262695	21.615380766543172	21.519974280756152	21.615380766543172	72600
2025-07-03	21.5855655670166	21.69488533967864	21.56569079561347	21.69488533967864	40200
2025-07-07	21.5855655670166	21.629293855190074	21.51599912824741	21.535875795193835	47100
2025-07-08	21.51599884033203	21.605441944850767	21.506060506991812	21.525937173672254	40100
2025-07-09	21.545814514160156	21.585565953220936	21.44643307319322	21.515999513207078	131000
2025-07-10	21.506061553955078	21.645196331948316	21.506061553955078	21.645196331948316	43800
2025-07-11	21.575626373291016	21.645194704829702	21.43649350130007	21.43649350130007	48100
2025-07-14	21.545814514160156	21.615380954174015	21.476248074146298	21.585565953220936	108000
2025-07-15	21.5855655670166	21.63525723438266	21.49612246130099	21.57562723354339	61100
2025-07-16	21.53587532043457	21.64817678021721	21.476247216453096	21.476247216453096	58500
2025-07-17	21.53587532043457	21.62134346998541	21.53587532043457	21.585565091161925	54300
2025-07-18	21.51599884033203	21.65513361155188	21.396742631335897	21.575626944830102	88900
2025-07-21	21.5	21.809999465942383	21.3799991607666	21.510000228881836	46000
2025-07-22	21.469999313354492	21.5	21.40999984741211	21.40999984741211	46100
2025-07-23	21.559999465942383	21.65999984741211	21.520000457763672	21.520000457763672	42900
2025-07-24	21.559999465942383	21.670000076293945	21.520000457763672	21.559999465942383	89100
2025-07-25	21.59000015258789	21.68000030517578	21.549999237060547	21.549999237060547	64300
2025-07-28	21.600000381469727	21.68000030517578	21.56999969482422	21.56999969482422	75100
2025-07-29	21.600000381469727	21.80900001525879	21.545000076293945	21.68000030517578	79800
2025-07-30	21.559999465942383	21.649999618530273	21.5	21.6200008392334	40800
2025-07-31	21.540000915527344	21.65999984741211	21.5	21.600000381469727	41000
2025-08-01	21.34000015258789	21.43000030517578	21.209999084472656	21.43000030517578	49600
